<!DOCTYPE HTML>
<html>
  <head>
    <meta charset="UTF-8">
    <title>Tomtom Results</title>
    <script>
      // @JSON_VAR data
      var data = {
        "program": "Tomtom",
        "version": "5.5.5",
        "release": "Thu Sep 14 08:48:04 2023 +1000",
        "cmd": [
          "tomtom", "-dist", "ed", "-thresh", "0.05", "-oc",
          "/users/jcurrie2/data_koconno5/jcurrie2/satori/simulated_results/pwm_simple/Motif_Analysis_Negative/tomtom",
          "/users/jcurrie2/data_koconno5/jcurrie2/satori/simulated_results/pwm_simple/Motif_Analysis_Negative/filters_meme.txt",
          "/users/jcurrie2/data_koconno5/jcurrie2/MEME/fly_factor_survey_with_clamp.meme"
        ],
        "options": {
          "strands": "both",
          "distance_measure": "ed",
          "threshold_type": "qvalue",
          "threshold_value": 0.05,
          "background_source": "--query--"
        },
        "alphabet": {
          "name": "DNA",
          "like": "dna",
          "ncore": 4,
          "symbols": [
            {
              "symbol": "A",
              "name": "Adenine",
              "colour": "CC0000",
              "complement": "T"
            }, {
              "symbol": "C",
              "name": "Cytosine",
              "colour": "0000CC",
              "complement": "G"
            }, {
              "symbol": "G",
              "name": "Guanine",
              "colour": "FFB300",
              "complement": "C"
            }, {
              "symbol": "T",
              "aliases": "U",
              "name": "Thymine",
              "colour": "008000",
              "complement": "A"
            }, {
              "symbol": "N",
              "aliases": "X.",
              "name": "Any base",
              "equals": "ACGT"
            }, {
              "symbol": "V",
              "name": "Not T",
              "equals": "ACG"
            }, {
              "symbol": "H",
              "name": "Not G",
              "equals": "ACT"
            }, {
              "symbol": "D",
              "name": "Not C",
              "equals": "AGT"
            }, {
              "symbol": "B",
              "name": "Not A",
              "equals": "CGT"
            }, {
              "symbol": "M",
              "name": "Amino",
              "equals": "AC"
            }, {
              "symbol": "R",
              "name": "Purine",
              "equals": "AG"
            }, {
              "symbol": "W",
              "name": "Weak",
              "equals": "AT"
            }, {
              "symbol": "S",
              "name": "Strong",
              "equals": "CG"
            }, {
              "symbol": "Y",
              "name": "Pyrimidine",
              "equals": "CT"
            }, {
              "symbol": "K",
              "name": "Keto",
              "equals": "GT"
            }
          ]
        },
        "background": [0.25, 0.25, 0.25, 0.25],
        "query_dbs": [
          {
            "source": "/users/jcurrie2/data_koconno5/jcurrie2/satori/simulated_results/pwm_simple/Motif_Analysis_Negative/filters_meme.txt",
            "name": "filters_meme.txt",
            "loaded": 8,
            "excluded": 0,
            "last_modified": "Sat May  4 11:21:16 2024"
          }
        ],
        "target_dbs": [
          {
            "source": "/users/jcurrie2/data_koconno5/jcurrie2/MEME/fly_factor_survey_with_clamp.meme",
            "name": "fly_factor_survey_with_clamp",
            "loaded": 657,
            "excluded": 0,
            "last_modified": "Sat Apr 13 23:41:29 2024"
          }
        ],
        "queries": [
          {
            "db": 0,
            "id": "filter0",
            "len": 15,
            "nsites": 137,
            "pwm": [
              [0.0852118, 0.0285588, 0.312024, 0.574206], 
              [0.347464, 0.0497511, 0.0639422, 0.538843], 
              [0.127789, 0.234012, 0.148974, 0.489225], 
              [0.460846, 0.248201, 0.191543, 0.0994099], 
              [0.354524, 0.0285616, 0.205732, 0.411182], 
              [0.290741, 0.382865, 0.304929, 0.0214647], 
              [0.312055, 0.31905, 0.354524, 0.014372], 
              [0.0497511, 0.290799, 0.0639422, 0.595507], 
              [0.227017, 0.0497462, 0.31905, 0.404187], 
              [0.1136, 0.460846, 0.333239, 0.0923151], 
              [0.730077, 0.0285588, 0.113588, 0.127776], 
              [0.00727717, 0.00727717, 0.978168, 0.00727717], 
              [0.00727717, 0.00727717, 0.963979, 0.0214668], 
              [0.829377, 0.00727717, 0.00727717, 0.156069], 
              [0.00727717, 0.0852203, 0.00727717, 0.900225]
            ]
          }, {
            "db": 0,
            "id": "filter1",
            "len": 15,
            "nsites": 55,
            "pwm": [
              [0.0342922, 0.7449, 0.186515, 0.0342922], 
              [0.017323, 0.914093, 0.0342922, 0.0342922], 
              [0.0173247, 0.761846, 0.203505, 0.0173247], 
              [0.0173247, 0.423427, 0.338872, 0.220376], 
              [0.0173247, 0.711133, 0.0850085, 0.186534], 
              [0.017323, 0.237323, 0.338838, 0.406515], 
              [0.541869, 0.338838, 0.0342922, 0.085], 
              [0.372677, 0.0342922, 0.423385, 0.169646], 
              [0.863371, 0.0173247, 0.0342956, 0.0850085], 
              [0.0173247, 0.829529, 0.0342956, 0.11885], 
              [0.0342922, 0.169646, 0.508031, 0.288031], 
              [0.11885, 0.0173247, 0.609607, 0.254218], 
              [0.118838, 0.271162, 0.541869, 0.0681307], 
              [0.0850085, 0.0173247, 0.28806, 0.609607], 
              [0.0173247, 0.135821, 0.0173247, 0.829529]
            ]
          }, {
            "db": 0,
            "id": "filter2",
            "len": 15,
            "nsites": 76,
            "pwm": [
              [0.0502628, 0.911629, 0.0252957, 0.0128121], 
              [0.0252957, 0.911629, 0.0128121, 0.0502628], 
              [0.100197, 0.861695, 0.0128121, 0.0252957], 
              [0.0252957, 0.94908, 0.0128121, 0.0128121], 
              [0.0128121, 0.94908, 0.0128121, 0.0252957], 
              [0.0128121, 0.936597, 0.0128121, 0.0377792], 
              [0.0128121, 0.936597, 0.0128121, 0.0377792], 
              [0.225033, 0.362352, 0.225033, 0.187582], 
              [0.212549, 0.287451, 0.162615, 0.337385], 
              [0.137648, 0.337385, 0.225033, 0.299934], 
              [0.287451, 0.137648, 0.225033, 0.349869], 
              [0.274967, 0.187582, 0.25, 0.287451], 
              [0.237516, 0.187582, 0.274967, 0.299934], 
              [0.237516, 0.287451, 0.200066, 0.274967], 
              [0.274967, 0.200066, 0.287451, 0.237516]
            ]
          }, {
            "db": 0,
            "id": "filter3",
            "len": 15,
            "nsites": 27,
            "pwm": [
              [0.3223, 0.0331001, 0.161611, 0.482989], 
              [0.354449, 0.0651909, 0.354449, 0.225912], 
              [0.0331033, 0.193708, 0.740085, 0.0331033], 
              [0.804366, 0.0331001, 0.129434, 0.0331001], 
              [0.0973557, 0.804366, 0.0651781, 0.0331001], 
              [0.708004, 0.0651845, 0.193708, 0.0331033], 
              [0.643742, 0.0331033, 0.193708, 0.129446], 
              [0.0331001, 0.9007, 0.0331001, 0.0331001], 
              [0.0331033, 0.193708, 0.225889, 0.547299], 
              [0.0651845, 0.0331033, 0.0651845, 0.836528], 
              [0.0973653, 0.161627, 0.450856, 0.290151], 
              [0.193708, 0.0651845, 0.0973653, 0.643742], 
              [0.225889, 0.290151, 0.0331033, 0.450856], 
              [0.0331001, 0.0331001, 0.9007, 0.0331001], 
              [0.129459, 0.29018, 0.386633, 0.193728]
            ]
          }, {
            "db": 0,
            "id": "filter4",
            "len": 15,
            "nsites": 63,
            "pwm": [
              [0.134483, 0.223941, 0.626303, 0.0152726], 
              [0.387842, 0.417592, 0.0898453, 0.10472], 
              [0.0451252, 0.551721, 0.372905, 0.0302488], 
              [0.164336, 0.790143, 0.0302488, 0.0152726], 
              [0.0152741, 0.775344, 0.194108, 0.0152741], 
              [0.0302458, 0.894388, 0.0302458, 0.0451207], 
              [0.119607, 0.507092, 0.358029, 0.0152726], 
              [0.0451252, 0.864724, 0.074878, 0.0152726], 
              [0.179212, 0.536845, 0.194089, 0.0898542], 
              [0.0898453, 0.864638, 0.0302458, 0.0152711], 
              [0.0152726, 0.819995, 0.074878, 0.0898542], 
              [0.372942, 0.372942, 0.119619, 0.134497], 
              [0.238818, 0.3133, 0.387881, 0.0600016], 
              [0.149445, 0.0898453, 0.68584, 0.0748705], 
              [0.0600016, 0.179212, 0.581574, 0.179212]
            ]
          }, {
            "db": 0,
            "id": "filter5",
            "len": 15,
            "nsites": 119,
            "pwm": [
              [0.0651618, 0.308881, 0.0814498, 0.544507], 
              [0.097728, 0.739389, 0.0895348, 0.0733484], 
              [0.292664, 0.544453, 0.0895348, 0.0733484], 
              [0.0489689, 0.552546, 0.113914, 0.284571], 
              [0.00830311, 0.317044, 0.0245894, 0.650064], 
              [0.00830311, 0.528266, 0.35761, 0.105821], 
              [0.0164962, 0.901852, 0.0651553, 0.0164962], 
              [0.203339, 0.650064, 0.0326826, 0.113914], 
              [0.568775, 0.235788, 0.122095, 0.0733411], 
              [0.0489689, 0.365803, 0.552546, 0.0326826], 
              [0.00830311, 0.0733484, 0.910045, 0.00830311], 
              [0.414462, 0.0489689, 0.438841, 0.097728], 
              [0.113926, 0.252024, 0.00830392, 0.625747], 
              [0.349516, 0.33323, 0.0245894, 0.292664], 
              [0.853193, 0.0326826, 0.105821, 0.00830311]
            ]
          }, {
            "db": 0,
            "id": "filter6",
            "len": 15,
            "nsites": 109,
            "pwm": [
              [0.0355967, 0.088648, 0.539534, 0.336221], 
              [0.0974497, 0.00902196, 0.132821, 0.760708], 
              [0.00902196, 0.884506, 0.0974497, 0.00902196], 
              [0.00902196, 0.0179147, 0.380418, 0.592645], 
              [0.0709643, 0.177067, 0.09744, 0.654529], 
              [0.0532805, 0.672213, 0.256594, 0.0179129], 
              [0.0267075, 0.309676, 0.159399, 0.504217], 
              [0.760708, 0.132821, 0.00902196, 0.0974497], 
              [0.185877, 0.19477, 0.291991, 0.327362], 
              [0.0267075, 0.203563, 0.707651, 0.0620786], 
              [0.406956, 0.300853, 0.0267049, 0.265486], 
              [0.689965, 0.00902196, 0.0443931, 0.25662], 
              [0.628016, 0.00902196, 0.00902196, 0.35394], 
              [0.00902108, 0.247802, 0.0709643, 0.672213], 
              [0.0443931, 0.00902196, 0.19477, 0.751815]
            ]
          }, {
            "db": 0,
            "id": "filter7",
            "len": 15,
            "nsites": 201,
            "pwm": [
              [0.365806, 0.321932, 0.229287, 0.0829748], 
              [0.984936, 0.00502139, 0.00502139, 0.00502139], 
              [0.00502139, 0.00502139, 0.984936, 0.00502139], 
              [0.00502139, 0.00502139, 0.984936, 0.00502139], 
              [0.984936, 0.00502139, 0.00502139, 0.00502139], 
              [0.00502188, 0.35115, 0.00502188, 0.638807], 
              [0.897188, 0.00502139, 0.00502139, 0.092769], 
              [0.984936, 0.00502139, 0.00502139, 0.00502139], 
              [0.0878807, 0.239005, 0.253698, 0.419416], 
              [0.239005, 0.243903, 0.273188, 0.243903], 
              [0.268291, 0.20982, 0.282884, 0.239005], 
              [0.346287, 0.214639, 0.224435, 0.214639], 
              [0.248801, 0.248801, 0.282884, 0.219515], 
              [0.297547, 0.180517, 0.248776, 0.273161], 
              [0.268291, 0.224413, 0.248801, 0.258496]
            ]
          }
        ],
        "targets": [
          {
            "db": 0,
            "id": "FBgn0000233",
            "alt": "btd_NAR",
            "len": 10,
            "nsites": 29,
            "url": "http://pgfe.umassmed.edu/TFDBS/TFdetails.php?FlybaseID=FBgn0000233",
            "pwm": [
              [0.481959, 0.103952, 0.241409, 0.172681], 
              [0.344502, 0.000859107, 0.65378, 0.000859107], 
              [0.138316, 0.000859107, 0.619416, 0.241409], 
              [0.0695881, 0.000859107, 0.928694, 0.000859107], 
              [0.000859107, 0.000859107, 0.997423, 0.000859107], 
              [0.000859107, 0.000859107, 0.997423, 0.000859107], 
              [0.0695881, 0.928694, 0.000859107, 0.000859107], 
              [0.000859107, 0.000859107, 0.997423, 0.000859107], 
              [0.000859107, 0.000859107, 0.688144, 0.310138], 
              [0.516323, 0.0352236, 0.310138, 0.138316]
            ]
          }, {
            "db": 0,
            "id": "FBgn0001325_4",
            "alt": "Kr_SOLEXA",
            "len": 15,
            "nsites": 2475,
            "url": "http://pgfe.umassmed.edu/TFDBS/TFdetails.php?FlybaseID=FBgn0001325",
            "pwm": [
              [0.170173, 0.295875, 0.304768, 0.229185], 
              [0.192248, 0.19871, 0.210422, 0.398621], 
              [0.0472432, 0.27291, 0.076309, 0.603539], 
              [0.713748, 0.0989161, 0.0355357, 0.151801], 
              [0.684426, 0.284443, 0.00768679, 0.0234432], 
              [1.01006e-05, 0.936967, 0.0145495, 0.0484731], 
              [1.01006e-05, 0.937371, 1.01006e-05, 0.0626086], 
              [1.01006e-05, 0.99997, 1.01006e-05, 1.01006e-05], 
              [0.0461062, 0.133851, 0.207038, 0.613006], 
              [0.167276, 0.0848547, 0.0206153, 0.727254], 
              [0.0650585, 0.238384, 0.0909154, 0.605643], 
              [0.175761, 0.42868, 0.200002, 0.195558], 
              [0.216479, 0.271404, 0.304118, 0.207999], 
              [0.131318, 0.324037, 0.247677, 0.296968], 
              [0.176973, 0.278383, 0.233536, 0.311109]
            ]
          }, {
            "db": 0,
            "id": "FBgn0003002",
            "alt": "opa_NAR",
            "len": 12,
            "nsites": 18,
            "url": "http://pgfe.umassmed.edu/TFDBS/TFdetails.php?FlybaseID=FBgn0003002",
            "pwm": [
              [0.00138122, 0.0566303, 0.83011, 0.111878], 
              [0.553868, 0.388122, 0.0566303, 0.00138122], 
              [0.0566303, 0.885359, 0.00138122, 0.0566303], 
              [0.0566303, 0.83011, 0.0566303, 0.0566303], 
              [0.00138122, 0.885359, 0.0566303, 0.0566303], 
              [0.00138122, 0.995856, 0.00138122, 0.00138122], 
              [0.00138122, 0.995856, 0.00138122, 0.00138122], 
              [0.00138122, 0.774862, 0.00138122, 0.222375], 
              [0.222375, 0.00138122, 0.719613, 0.0566303], 
              [0.00138122, 0.774862, 0.111878, 0.111878], 
              [0.167127, 0.0566303, 0.222375, 0.553868], 
              [0.111878, 0.00138122, 0.885359, 0.00138122]
            ]
          }, {
            "db": 0,
            "id": "FBgn0003002_2",
            "alt": "Opa_SANGER_5",
            "len": 13,
            "nsites": 12,
            "url": "http://pgfe.umassmed.edu/TFDBS/TFdetails.php?FlybaseID=FBgn0003002",
            "pwm": [
              [0.580578, 0.25, 0.0847104, 0.0847104], 
              [0.167356, 0.00206612, 0.41529, 0.41529], 
              [0.332644, 0.41529, 0.167356, 0.0847104], 
              [0.332644, 0.580578, 0.0847104, 0.00206612], 
              [0.25, 0.745868, 0.00206612, 0.00206612], 
              [0.0847104, 0.745868, 0.167356, 0.00206612], 
              [0.00206612, 0.993802, 0.00206612, 0.00206612], 
              [0.00206612, 0.911157, 0.0847104, 0.00206612], 
              [0.00206612, 0.993802, 0.00206612, 0.00206612], 
              [0.663223, 0.25, 0.0847104, 0.00206612], 
              [0.00206612, 0.911157, 0.0847104, 0.00206612], 
              [0.00206612, 0.663223, 0.00206612, 0.332644], 
              [0.25, 0.00206612, 0.745868, 0.00206612]
            ]
          }, {
            "db": 0,
            "id": "FBgn0003002_3",
            "alt": "opa_SOLEXA",
            "len": 15,
            "nsites": 2707,
            "url": "http://pgfe.umassmed.edu/TFDBS/TFdetails.php?FlybaseID=FBgn0003002",
            "pwm": [
              [0.285186, 0.386031, 0.146291, 0.182492], 
              [0.30192, 0.395782, 0.193276, 0.109022], 
              [0.337022, 0.30823, 0.199707, 0.155043], 
              [0.130037, 0.342812, 0.416322, 0.110829], 
              [0.447556, 0.326068, 0.221567, 0.00481006], 
              [0.101963, 0.805668, 0.0188485, 0.0735195], 
              [0.0838011, 0.893295, 9.23497e-06, 0.0228954], 
              [0.0816762, 0.865092, 0.0184856, 0.034746], 
              [0.0103489, 0.989633, 9.23497e-06, 9.23497e-06], 
              [0.0184726, 0.981509, 9.23497e-06, 9.23497e-06], 
              [0.0151487, 0.7858, 0.0129338, 0.186117], 
              [0.287771, 0.213152, 0.486507, 0.0125688], 
              [0.0580051, 0.664928, 0.108243, 0.168825], 
              [0.151094, 0.259328, 0.315846, 0.273734], 
              [0.0824152, 0.0753945, 0.796728, 0.0454626]
            ]
          }, {
            "db": 0,
            "id": "FBgn0003499",
            "alt": "sr_SANGER_5",
            "len": 14,
            "nsites": 19,
            "url": "http://pgfe.umassmed.edu/TFDBS/TFdetails.php?FlybaseID=FBgn0003499",
            "pwm": [
              [0.210733, 0.0536653, 0.472513, 0.263089], 
              [0.106021, 0.0536653, 0.263089, 0.577225], 
              [0.315445, 0.0536653, 0.524869, 0.106021], 
              [0.0013089, 0.420157, 0.263089, 0.315445], 
              [0.0013089, 0.0013089, 0.996073, 0.0013089], 
              [0.0536653, 0.0013089, 0.367801, 0.577225], 
              [0.0013089, 0.0013089, 0.996073, 0.0013089], 
              [0.0013089, 0.0536653, 0.943717, 0.0013089], 
              [0.0013089, 0.0013089, 0.996073, 0.0013089], 
              [0.106021, 0.734293, 0.0013089, 0.158377], 
              [0.0536653, 0.0013089, 0.839005, 0.106021], 
              [0.0013089, 0.0536653, 0.472513, 0.472513], 
              [0.0536653, 0.210733, 0.472513, 0.263089], 
              [0.277633, 0.0013089, 0.443426, 0.277633]
            ]
          }, {
            "db": 0,
            "id": "FBgn0003499_2",
            "alt": "sr_SOLEXA_5",
            "len": 14,
            "nsites": 2316,
            "url": "http://pgfe.umassmed.edu/TFDBS/TFdetails.php?FlybaseID=FBgn0003499",
            "pwm": [
              [0.199362, 0.155468, 0.389112, 0.256059], 
              [0.133598, 0.208822, 0.254215, 0.403365], 
              [0.154837, 0.0983815, 0.590233, 0.156548], 
              [0.0932488, 0.461069, 0.136874, 0.308808], 
              [1.0794e-05, 1.0794e-05, 0.996546, 0.00343265], 
              [0.0252447, 0.00257668, 0.298116, 0.674062], 
              [0.15056, 1.0794e-05, 0.832738, 0.0166911], 
              [1.0794e-05, 1.0794e-05, 0.999968, 1.0794e-05], 
              [1.0794e-05, 1.0794e-05, 0.983715, 0.0162631], 
              [0.122759, 0.510682, 0.0389311, 0.327627], 
              [0.0573223, 0.0385031, 0.819051, 0.0851221], 
              [0.088972, 0.0697258, 0.476466, 0.364837], 
              [0.2361, 0.150132, 0.373819, 0.239949], 
              [0.192205, 0.208978, 0.324566, 0.274251]
            ]
          }, {
            "db": 0,
            "id": "FBgn0003870",
            "alt": "ttk_NAR",
            "len": 9,
            "nsites": 22,
            "url": "http://pgfe.umassmed.edu/TFDBS/TFdetails.php?FlybaseID=FBgn0003870",
            "pwm": [
              [0.453619, 0.363122, 0.136878, 0.0463805], 
              [0.996606, 0.00113122, 0.00113122, 0.00113122], 
              [0.00113122, 0.00113122, 0.996606, 0.00113122], 
              [0.00113122, 0.00113122, 0.996606, 0.00113122], 
              [0.996606, 0.00113122, 0.00113122, 0.00113122], 
              [0.00113122, 0.227376, 0.00113122, 0.770362], 
              [0.951357, 0.00113122, 0.00113122, 0.0463805], 
              [0.996606, 0.00113122, 0.00113122, 0.00113122], 
              [0.0463805, 0.227376, 0.136878, 0.589366]
            ]
          }, {
            "db": 0,
            "id": "FBgn0003870_3",
            "alt": "ttk-PF_SANGER_5",
            "len": 7,
            "nsites": 11,
            "url": "http://pgfe.umassmed.edu/TFDBS/TFdetails.php?FlybaseID=FBgn0003870",
            "pwm": [
              [0.722973, 0.272522, 0.00225225, 0.00225225], 
              [0.993243, 0.00225225, 0.00225225, 0.00225225], 
              [0.00225225, 0.00225225, 0.993243, 0.00225225], 
              [0.00225225, 0.00225225, 0.993243, 0.00225225], 
              [0.993243, 0.00225225, 0.00225225, 0.00225225], 
              [0.00225225, 0.722973, 0.00225225, 0.272522], 
              [0.903153, 0.00225225, 0.00225225, 0.0923423]
            ]
          }, {
            "db": 0,
            "id": "FBgn0003870_5",
            "alt": "ttk-PA_SOLEXA",
            "len": 15,
            "nsites": 2966,
            "url": "http://pgfe.umassmed.edu/TFDBS/TFdetails.php?FlybaseID=FBgn0003870",
            "pwm": [
              [0.35827, 0.267946, 0.189082, 0.1847], 
              [0.35502, 0.254214, 0.184425, 0.20634], 
              [0.535235, 0.167288, 0.0681341, 0.229343], 
              [0.341987, 0.33794, 0.132888, 0.187186], 
              [0.0394541, 0.763638, 0.149025, 0.0478828], 
              [0.468143, 0.454324, 8.42858e-06, 0.0775248], 
              [0.701603, 0.113289, 0.00338031, 0.181728], 
              [8.42858e-06, 0.999975, 8.42858e-06, 8.42858e-06], 
              [8.42858e-06, 0.999975, 8.42858e-06, 8.42858e-06], 
              [8.42858e-06, 0.999638, 0.000345417, 8.42858e-06], 
              [8.42858e-06, 0.840897, 0.000345417, 0.158749], 
              [0.0637073, 0.523415, 0.0188818, 0.393996], 
              [0.459689, 0.211468, 0.146041, 0.182801], 
              [0.355694, 0.322655, 0.183077, 0.138574], 
              [0.348497, 0.286821, 0.194812, 0.169872]
            ]
          }, {
            "db": 0,
            "id": "FBgn0003870_6",
            "alt": "ttk-PF_SOLEXA",
            "len": 11,
            "nsites": 2881,
            "url": "http://pgfe.umassmed.edu/TFDBS/TFdetails.php?FlybaseID=FBgn0003870",
            "pwm": [
              [0.684817, 0.300935, 0.0052155, 0.00903336], 
              [0.99928, 0.000355665, 0.000355665, 8.67724e-06], 
              [8.67724e-06, 8.67724e-06, 0.999974, 8.67724e-06], 
              [8.67724e-06, 8.67724e-06, 0.999974, 8.67724e-06], 
              [0.998933, 8.67724e-06, 0.00104964, 8.67724e-06], 
              [8.67724e-06, 0.543868, 0.00104964, 0.455075], 
              [0.769159, 0.0739391, 0.0607496, 0.0961523], 
              [0.305554, 0.347566, 0.00868938, 0.338191], 
              [0.231251, 0.344094, 0.189238, 0.235418], 
              [0.305554, 0.328469, 0.211112, 0.154864], 
              [0.304059, 0.319679, 0.234989, 0.141274]
            ]
          }, {
            "db": 0,
            "id": "FBgn0004859_2",
            "alt": "ci_SOLEXA",
            "len": 13,
            "nsites": 2761,
            "url": "http://pgfe.umassmed.edu/TFDBS/TFdetails.php?FlybaseID=FBgn0004859",
            "pwm": [
              [0.029707, 0.0423835, 0.870677, 0.057233], 
              [0.668101, 0.177177, 0.154713, 9.05436e-06], 
              [0.0177494, 0.98187, 9.05436e-06, 0.000371041], 
              [9.05436e-06, 0.999611, 0.000371041, 9.05436e-06], 
              [0.730613, 0.192978, 0.0163015, 0.0601079], 
              [9.05436e-06, 0.999973, 9.05436e-06, 9.05436e-06], 
              [0.13831, 0.861672, 9.05436e-06, 9.05436e-06], 
              [0.0413116, 0.905411, 0.0170374, 0.0362397], 
              [0.733315, 0.0869629, 0.135149, 0.0445724], 
              [0.14374, 0.55466, 0.20927, 0.0923297], 
              [0.289749, 0.239768, 0.377032, 0.0934497], 
              [0.256791, 0.235061, 0.252807, 0.255342], 
              [0.25706, 0.33671, 0.192978, 0.213252]
            ]
          }, {
            "db": 0,
            "id": "FBgn0004914",
            "alt": "Hnf4_SANGER_10",
            "len": 15,
            "nsites": 19,
            "url": "http://pgfe.umassmed.edu/TFDBS/TFdetails.php?FlybaseID=FBgn0004914",
            "pwm": [
              [0.0013089, 0.0013089, 0.0013089, 0.996073], 
              [0.0013089, 0.0013089, 0.996073, 0.0013089], 
              [0.943717, 0.0013089, 0.0536653, 0.0013089], 
              [0.106021, 0.891361, 0.0013089, 0.0013089], 
              [0.0013089, 0.996073, 0.0013089, 0.0013089], 
              [0.0013089, 0.943717, 0.0013089, 0.0536653], 
              [0.0013089, 0.891361, 0.0013089, 0.106021], 
              [0.263089, 0.210733, 0.315445, 0.210733], 
              [0.106021, 0.472513, 0.315445, 0.106021], 
              [0.158377, 0.524869, 0.315445, 0.0013089], 
              [0.420157, 0.106021, 0.106021, 0.367801], 
              [0.629581, 0.210733, 0.158377, 0.0013089], 
              [0.315445, 0.315445, 0.210733, 0.158377], 
              [0.629581, 0.263089, 0.0536653, 0.0536653], 
              [0.472513, 0.210733, 0.0013089, 0.315445]
            ]
          }, {
            "db": 0,
            "id": "FBgn0005630_17",
            "alt": "lola-PA_SOLEXA",
            "len": 15,
            "nsites": 2362,
            "url": "http://pgfe.umassmed.edu/TFDBS/TFdetails.php?FlybaseID=FBgn0005630",
            "pwm": [
              [0.389494, 0.217613, 0.242168, 0.150724], 
              [0.3624, 0.292547, 0.20195, 0.143104], 
              [0.265988, 0.432436, 0.180011, 0.121564], 
              [0.271803, 0.376794, 0.192635, 0.158768], 
              [0.241219, 0.391869, 0.214982, 0.15193], 
              [0.299447, 0.290553, 0.228294, 0.181706], 
              [0.305377, 0.217705, 0.346036, 0.130882], 
              [0.411509, 0.263759, 0.112622, 0.21211], 
              [0.477128, 1.05838e-05, 0.52285, 1.05838e-05], 
              [1.05838e-05, 1.05838e-05, 0.999968, 1.05838e-05], 
              [1.05838e-05, 1.05838e-05, 0.999968, 1.05838e-05], 
              [0.175003, 0.106362, 0.0173828, 0.701252], 
              [0.11987, 0.0482935, 1.05838e-05, 0.831826], 
              [0.103732, 0.505916, 0.0245645, 0.365787], 
              [0.196952, 0.431589, 0.207965, 0.163494]
            ]
          }, {
            "db": 0,
            "id": "FBgn0005630_19",
            "alt": "lola-PD_SOLEXA",
            "len": 15,
            "nsites": 1045,
            "url": "http://pgfe.umassmed.edu/TFDBS/TFdetails.php?FlybaseID=FBgn0005630",
            "pwm": [
              [0.196177, 0.106234, 0.384676, 0.312913], 
              [0.0776025, 0.18583, 0.440595, 0.295973], 
              [0.0469544, 0.0287572, 0.444425, 0.479863], 
              [2.39212e-05, 2.39212e-05, 0.716016, 0.283936], 
              [2.39212e-05, 2.39212e-05, 0.714105, 0.285848], 
              [2.39212e-05, 2.39212e-05, 0.999928, 2.39212e-05], 
              [2.39212e-05, 2.39212e-05, 0.999928, 2.39212e-05], 
              [0.217976, 2.39212e-05, 0.781976, 2.39212e-05], 
              [2.39212e-05, 2.39212e-05, 0.933013, 0.0669395], 
              [0.243063, 0.558822, 0.131111, 0.0670035], 
              [0.148335, 0.253589, 0.119629, 0.478447], 
              [0.13781, 0.248804, 0.315783, 0.297603], 
              [0.183914, 0.200197, 0.34865, 0.267239], 
              [0.138502, 0.196758, 0.388717, 0.276025], 
              [0.164759, 0.197323, 0.33141, 0.306508]
            ]
          }, {
            "db": 0,
            "id": "FBgn0005630_24",
            "alt": "lola-PL_SOLEXA",
            "len": 14,
            "nsites": 2059,
            "url": "http://pgfe.umassmed.edu/TFDBS/TFdetails.php?FlybaseID=FBgn0005630",
            "pwm": [
              [0.173389, 0.156392, 0.291402, 0.378819], 
              [0.104528, 0.0792503, 0.598913, 0.217309], 
              [0.458242, 0.469892, 1.21412e-05, 0.0718537], 
              [0.392226, 0.384944, 0.0665139, 0.156316], 
              [1.21412e-05, 0.999964, 1.21412e-05, 1.21412e-05], 
              [1.21412e-05, 0.999964, 1.21412e-05, 1.21412e-05], 
              [0.999964, 1.21412e-05, 1.21412e-05, 1.21412e-05], 
              [1.21412e-05, 0.999964, 1.21412e-05, 1.21412e-05], 
              [0.175332, 0.53374, 0.0597472, 0.231181], 
              [0.197672, 0.23361, 0.405043, 0.163676], 
              [0.222169, 0.162376, 0.335436, 0.280018], 
              [0.13648, 0.187958, 0.456037, 0.219525], 
              [0.178817, 0.219632, 0.315838, 0.285712], 
              [0.150564, 0.233124, 0.317141, 0.299172]
            ]
          }, {
            "db": 0,
            "id": "FBgn0005630_30",
            "alt": "lola-PY_SOLEXA",
            "len": 15,
            "nsites": 2167,
            "url": "http://pgfe.umassmed.edu/TFDBS/TFdetails.php?FlybaseID=FBgn0005630",
            "pwm": [
              [0.203971, 0.175361, 0.234888, 0.385781], 
              [0.173516, 0.124602, 0.269035, 0.432848], 
              [0.125583, 0.20268, 0.307015, 0.364723], 
              [0.0923003, 0.215046, 0.377936, 0.314718], 
              [0.0789549, 0.176827, 0.280701, 0.463517], 
              [0.13534, 0.136726, 0.451261, 0.276673], 
              [0.722764, 1.15362e-05, 0.25738, 0.0198446], 
              [0.0871845, 1.15362e-05, 0.847758, 0.0650455], 
              [1.15362e-05, 1.15362e-05, 0.999965, 1.15362e-05], 
              [1.15362e-05, 1.15362e-05, 0.999965, 1.15362e-05], 
              [1.15362e-05, 1.15362e-05, 0.0659675, 0.934009], 
              [0.0073882, 0.479934, 1.15362e-05, 0.512667], 
              [0.257737, 0.232334, 0.245266, 0.264664], 
              [0.110707, 0.147606, 0.590851, 0.150835], 
              [0.113527, 0.220121, 0.371937, 0.294414]
            ]
          }, {
            "db": 0,
            "id": "FBgn0005630_5",
            "alt": "lola-PD_SANGER_5",
            "len": 9,
            "nsites": 11,
            "url": "http://pgfe.umassmed.edu/TFDBS/TFdetails.php?FlybaseID=FBgn0005630",
            "pwm": [
              [0.00225225, 0.993243, 0.00225225, 0.00225225], 
              [0.00225225, 0.903153, 0.0923423, 0.00225225], 
              [0.0923423, 0.813063, 0.00225225, 0.0923423], 
              [0.00225225, 0.993243, 0.00225225, 0.00225225], 
              [0.0923423, 0.903153, 0.00225225, 0.00225225], 
              [0.0923423, 0.903153, 0.00225225, 0.00225225], 
              [0.903153, 0.0923423, 0.00225225, 0.00225225], 
              [0.362612, 0.362612, 0.0923423, 0.182432], 
              [0.20045, 0.101351, 0.00225225, 0.695946]
            ]
          }, {
            "db": 0,
            "id": "FBgn0013469_2",
            "alt": "klu_SOLEXA_5",
            "len": 15,
            "nsites": 491,
            "url": "http://pgfe.umassmed.edu/TFDBS/TFdetails.php?FlybaseID=FBgn0013469",
            "pwm": [
              [0.17732, 0.127685, 0.326225, 0.36877], 
              [0.073045, 0.0111107, 0.796349, 0.119496], 
              [0.0735949, 0.457214, 0.0199279, 0.449263], 
              [0.0139651, 0.0020385, 0.97997, 0.0040261], 
              [0.0278782, 0.0119765, 0.333979, 0.626166], 
              [0.0517304, 5.09061e-05, 0.93823, 0.00998888], 
              [0.0199279, 0.00998888, 0.96407, 0.00601369], 
              [0.0179403, 5.09061e-05, 0.975995, 0.00601369], 
              [0.141175, 0.0954585, 0.0119765, 0.751389], 
              [0.00601369, 5.09061e-05, 0.975995, 0.0179403], 
              [0.0517304, 0.0477552, 0.592375, 0.308139], 
              [0.200805, 0.127262, 0.405535, 0.266399], 
              [0.188879, 0.169002, 0.373732, 0.268386], 
              [0.160261, 0.18257, 0.340753, 0.316416], 
              [0.199135, 0.179445, 0.332587, 0.288832]
            ]
          }, {
            "db": 0,
            "id": "FBgn0020309",
            "alt": "crol_F7-16_SANGER_5",
            "len": 15,
            "nsites": 12,
            "url": "http://pgfe.umassmed.edu/TFDBS/TFdetails.php?FlybaseID=FBgn0020309",
            "pwm": [
              [0.663223, 0.0847104, 0.00206612, 0.25], 
              [0.00206612, 0.828512, 0.00206612, 0.167356], 
              [0.0847104, 0.663223, 0.00206612, 0.25], 
              [0.167356, 0.663223, 0.167356, 0.00206612], 
              [0.167356, 0.663223, 0.00206612, 0.167356], 
              [0.00206612, 0.993802, 0.00206612, 0.00206612], 
              [0.00206612, 0.993802, 0.00206612, 0.00206612], 
              [0.0847104, 0.911157, 0.00206612, 0.00206612], 
              [0.00206612, 0.993802, 0.00206612, 0.00206612], 
              [0.00206612, 0.993802, 0.00206612, 0.00206612], 
              [0.00206612, 0.41529, 0.0847104, 0.497934], 
              [0.00206612, 0.828512, 0.0847104, 0.0847104], 
              [0.00206612, 0.452855, 0.272539, 0.272539], 
              [0.00206612, 0.813486, 0.182381, 0.00206612], 
              [0.362697, 0.633171, 0.00206612, 0.00206612]
            ]
          }, {
            "db": 0,
            "id": "FBgn0020309_2",
            "alt": "crol-F7-16_SOLEXA",
            "len": 15,
            "nsites": 2853,
            "url": "http://pgfe.umassmed.edu/TFDBS/TFdetails.php?FlybaseID=FBgn0020309",
            "pwm": [
              [0.178124, 0.107298, 0.502095, 0.212483], 
              [0.185837, 0.107298, 0.610786, 0.0960784], 
              [0.130789, 0.158488, 0.593607, 0.117116], 
              [0.111817, 0.291972, 0.253417, 0.342794], 
              [0.119879, 0.0746641, 0.797738, 0.00771949], 
              [0.245005, 0.281107, 0.444437, 0.0294507], 
              [0.049446, 8.7624e-06, 0.947732, 0.00281366], 
              [0.0452232, 0.00526658, 0.948802, 0.000709738], 
              [0.00666553, 8.7624e-06, 0.988061, 0.00526458], 
              [8.7624e-06, 8.7624e-06, 0.999974, 8.7624e-06], 
              [0.0175401, 8.7624e-06, 0.982442, 8.7624e-06], 
              [0.0157812, 0.00491559, 0.923565, 0.0557378], 
              [0.143062, 0.0147352, 0.738062, 0.104142], 
              [0.270591, 0.117776, 0.392564, 0.219069], 
              [0.242902, 0.168247, 0.343846, 0.245005]
            ]
          }, {
            "db": 0,
            "id": "FBgn0020378_2",
            "alt": "Sp1_SOLEXA_2.5",
            "len": 14,
            "nsites": 570,
            "url": "http://pgfe.umassmed.edu/TFDBS/TFdetails.php?FlybaseID=FBgn0020378",
            "pwm": [
              [0.31271, 0.24735, 0.309177, 0.130763], 
              [0.427052, 0.128493, 0.312489, 0.131965], 
              [0.222227, 0.0573258, 0.617991, 0.102457], 
              [0.114607, 0.00351524, 0.41143, 0.470447], 
              [0.126758, 4.3852e-05, 0.857532, 0.0156661], 
              [0.00525094, 4.3852e-05, 0.977303, 0.0174018], 
              [4.3852e-05, 4.3852e-05, 0.987718, 0.0121947], 
              [0.0469106, 0.885306, 4.3852e-05, 0.06774], 
              [0.00525094, 4.3852e-05, 0.968624, 0.0260813], 
              [4.3852e-05, 0.00177955, 0.487805, 0.510371], 
              [0.223963, 0.027817, 0.588483, 0.159738], 
              [0.272565, 0.114607, 0.451354, 0.161474], 
              [0.166086, 0.658857, 0.0536055, 0.121452], 
              [0.189835, 0.453976, 0.174181, 0.182008]
            ]
          }, {
            "db": 0,
            "id": "FBgn0025679",
            "alt": "Bteb2_SANGER_2.5",
            "len": 8,
            "nsites": 12,
            "url": "http://pgfe.umassmed.edu/TFDBS/TFdetails.php?FlybaseID=FBgn0025679",
            "pwm": [
              [0.167356, 0.0847104, 0.745868, 0.00206612], 
              [0.00206612, 0.00206612, 0.993802, 0.00206612], 
              [0.00206612, 0.00206612, 0.993802, 0.00206612], 
              [0.00206612, 0.00206612, 0.993802, 0.00206612], 
              [0.00206612, 0.00206612, 0.993802, 0.00206612], 
              [0.00206612, 0.993802, 0.00206612, 0.00206612], 
              [0.00206612, 0.00206612, 0.993802, 0.00206612], 
              [0.00206612, 0.00206612, 0.332644, 0.663223]
            ]
          }, {
            "db": 0,
            "id": "FBgn0025679_2",
            "alt": "Bteb2_SOLEXA_2.5",
            "len": 14,
            "nsites": 322,
            "url": "http://pgfe.umassmed.edu/TFDBS/TFdetails.php?FlybaseID=FBgn0025679",
            "pwm": [
              [0.248323, 0.140974, 0.305352, 0.305352], 
              [0.316435, 0.208874, 0.155092, 0.319598], 
              [0.473777, 0.0431412, 0.335358, 0.147724], 
              [0.243079, 0.00622971, 0.729082, 0.0216089], 
              [0.00930575, 7.76156e-05, 0.765994, 0.224623], 
              [0.0154578, 7.76156e-05, 0.956704, 0.027761], 
              [0.00315366, 7.76156e-05, 0.938248, 0.0585215], 
              [0.00930575, 7.76156e-05, 0.978236, 0.0123818], 
              [0.024685, 0.919792, 7.76156e-05, 0.0554454], 
              [0.00622971, 7.76156e-05, 0.97516, 0.0185339], 
              [7.76156e-05, 7.76156e-05, 0.338435, 0.66141], 
              [0.443017, 0.0831288, 0.273839, 0.200016], 
              [0.255383, 0.172332, 0.175408, 0.396877], 
              [0.254657, 0.369528, 0.164623, 0.211192]
            ]
          }, {
            "db": 0,
            "id": "FBgn0033288",
            "alt": "pdm3_SOLEXA_5",
            "len": 25,
            "nsites": 2653,
            "url": "http://pgfe.umassmed.edu/TFDBS/TFdetails.php?FlybaseID=FBgn0033288",
            "pwm": [
              [0.144369, 0.253675, 0.237844, 0.364112], 
              [0.0512705, 0.00415527, 9.42294e-06, 0.944565], 
              [0.993187, 9.42294e-06, 0.00415527, 0.00264832], 
              [0.996203, 0.00377828, 9.42294e-06, 9.42294e-06], 
              [0.00189435, 9.42294e-06, 0.0422238, 0.955872], 
              [0.0606931, 0.0942389, 0.333959, 0.511109], 
              [0.525056, 0.137207, 0.203922, 0.133815], 
              [0.0821773, 0.171507, 0.587624, 0.158691], 
              [0.121754, 0.234076, 0.406326, 0.237844], 
              [0.175276, 0.208068, 0.202791, 0.413865], 
              [0.258952, 0.185829, 0.269882, 0.285336], 
              [0.185829, 0.174145, 0.349035, 0.290989], 
              [0.111954, 0.207691, 0.35205, 0.328305], 
              [0.1063, 0.22616, 0.275159, 0.392381], 
              [0.242744, 0.185829, 0.242367, 0.329058], 
              [0.136076, 0.212591, 0.366374, 0.284959], 
              [0.192991, 0.210329, 0.307197, 0.289483], 
              [0.194876, 0.236714, 0.287975, 0.280436], 
              [0.169622, 0.218998, 0.302297, 0.309082], 
              [0.130799, 0.204676, 0.405573, 0.258952], 
              [0.154923, 0.230306, 0.358458, 0.256314], 
              [0.190729, 0.22616, 0.311344, 0.271767], 
              [0.168492, 0.209199, 0.346773, 0.275536], 
              [0.160576, 0.209199, 0.365997, 0.264228], 
              [0.185327, 0.215583, 0.316941, 0.282147]
            ]
          }, {
            "db": 0,
            "id": "FBgn0033782",
            "alt": "sug_SANGER_5",
            "len": 14,
            "nsites": 21,
            "url": "http://pgfe.umassmed.edu/TFDBS/TFdetails.php?FlybaseID=FBgn0033782",
            "pwm": [
              [0.0959715, 0.806872, 0.00118483, 0.0959715], 
              [0.0959715, 0.569906, 0.238151, 0.0959715], 
              [0.143365, 0.238151, 0.617299, 0.00118483], 
              [0.0959715, 0.475118, 0.0959715, 0.332938], 
              [0.0959715, 0.00118483, 0.854266, 0.0485782], 
              [0.00118483, 0.00118483, 0.996445, 0.00118483], 
              [0.00118483, 0.00118483, 0.996445, 0.00118483], 
              [0.00118483, 0.00118483, 0.996445, 0.00118483], 
              [0.00118483, 0.00118483, 0.996445, 0.00118483], 
              [0.00118483, 0.00118483, 0.901659, 0.0959715], 
              [0.00118483, 0.285545, 0.143365, 0.569906], 
              [0.190758, 0.664692, 0.0485782, 0.0959715], 
              [0.143365, 0.143365, 0.285545, 0.427725], 
