MEME version 4

ALPHABET= ACGT

Background letter frequencies:
A 0.2500 C 0.2500 G 0.2500 T 0.2500

MOTIF filter0
letter-probability matrix: alength= 4 w= 15 nsites= 1685 E= 0
0.0018 0.9959 0.0006 0.0018
0.0041 0.0006 0.0024 0.9929
0.0006 0.9941 0.0006 0.0047
0.9947 0.0006 0.0041 0.0006
0.0006 0.0006 0.9982 0.0006
0.0024 0.9947 0.0006 0.0024
0.0018 0.0077 0.0006 0.9899
0.0030 0.9959 0.0006 0.0006
0.0006 0.0006 0.0006 0.9982
0.9959 0.0006 0.0030 0.0006
0.0012 0.0018 0.0065 0.9905
0.0006 0.0041 0.0024 0.9929
0.0006 0.0006 0.0006 0.9982
0.0030 0.0006 0.0024 0.9941
0.9941 0.0012 0.0018 0.0030

MOTIF filter1
letter-probability matrix: alength= 4 w= 15 nsites= 3044 E= 0
0.0003 0.0003 0.5079 0.4915
0.0003 0.0003 0.0003 0.9990
0.9990 0.0003 0.0003 0.0003
0.0007 0.0003 0.9987 0.0003
0.0003 0.0003 0.0003 0.9990
0.0003 0.9990 0.0003 0.0003
0.4918 0.5075 0.0003 0.0003
0.0003 0.0003 0.9990 0.0003
0.0003 0.0003 0.0003 0.9990
0.0003 0.9990 0.0003 0.0003
0.0003 0.5075 0.4918 0.0003
0.4915 0.5079 0.0003 0.0003
0.0003 0.0003 0.5075 0.4918
0.0007 0.4915 0.0003 0.5075
0.9990 0.0003 0.0003 0.0003

MOTIF filter2
letter-probability matrix: alength= 4 w= 15 nsites= 1551 E= 0
0.2264 0.1949 0.3595 0.2193
0.1389 0.2714 0.2521 0.3376
0.2186 0.3640 0.2116 0.2058
0.0006 0.0238 0.1460 0.8296
0.0006 0.0006 0.0199 0.9788
0.9884 0.0096 0.0013 0.0006
0.0084 0.0154 0.9756 0.0006
0.0006 0.0167 0.0026 0.9801
0.0006 0.9704 0.0283 0.0006
0.8624 0.1286 0.0077 0.0013
0.0006 0.0026 0.9955 0.0013
0.0039 0.0019 0.0109 0.9833
0.0019 0.9807 0.0167 0.0006
0.0006 0.1280 0.8707 0.0006
0.8347 0.1543 0.0019 0.0090

MOTIF filter3
letter-probability matrix: alength= 4 w= 15 nsites= 1680 E= 0
0.2625 0.2583 0.2405 0.2387
0.0065 0.0024 0.9816 0.0095
0.0006 0.0024 0.9964 0.0006
0.0006 0.0006 0.0077 0.9911
0.0006 0.9941 0.0006 0.0048
0.0018 0.9964 0.0006 0.0012
0.0065 0.0006 0.9923 0.0006
0.0006 0.9863 0.0006 0.0125
0.0006 0.9857 0.0089 0.0048
0.0006 0.9881 0.0107 0.0006
0.0018 0.0006 0.9952 0.0024
0.9846 0.0006 0.0018 0.0131
0.0006 0.0036 0.9816 0.0143
0.0024 0.9828 0.0006 0.0143
0.0024 0.0018 0.9846 0.0113

MOTIF filter4
letter-probability matrix: alength= 4 w= 15 nsites= 1673 E= 0
0.0006 0.9964 0.0024 0.0006
0.0006 0.0006 0.0012 0.9976
0.0006 0.9982 0.0006 0.0006
0.9976 0.0006 0.0012 0.0006
0.0006 0.0006 0.9970 0.0018
0.0012 0.9964 0.0018 0.0006
0.0006 0.0006 0.0006 0.9982
0.0006 0.9976 0.0006 0.0012
0.0006 0.0006 0.0012 0.9976
0.9982 0.0006 0.0006 0.0006
0.0006 0.0006 0.0018 0.9970
0.0006 0.0024 0.0006 0.9964
0.0012 0.0018 0.0012 0.9958
0.0006 0.0006 0.0024 0.9964
0.9982 0.0006 0.0006 0.0006

MOTIF filter5
letter-probability matrix: alength= 4 w= 15 nsites= 605 E= 0
0.3350 0.2956 0.1297 0.2397
0.4631 0.1987 0.2250 0.1133
0.3859 0.2463 0.1363 0.2315
0.2660 0.1576 0.2102 0.3662
0.1396 0.4516 0.1839 0.2250
0.2709 0.3842 0.1396 0.2053
0.7291 0.2217 0.0460 0.0033
0.1149 0.3333 0.2791 0.2726
0.0082 0.0016 0.5140 0.4762
0.0016 0.0016 0.0016 0.9951
0.9951 0.0016 0.0016 0.0016
0.0016 0.0016 0.9901 0.0066
0.0016 0.0049 0.0148 0.9787
0.0049 0.9918 0.0016 0.0016
0.5698 0.4236 0.0016 0.0049

MOTIF filter6
letter-probability matrix: alength= 4 w= 15 nsites= 89 E= 0
0.3226 0.2366 0.3118 0.1290
0.0968 0.1075 0.4946 0.3011
0.5054 0.3441 0.0215 0.1290
0.3656 0.2151 0.3011 0.1183
0.1720 0.1398 0.2581 0.4301
0.0108 0.4409 0.5376 0.0108
0.4516 0.4624 0.0108 0.0753
0.0108 0.9355 0.0108 0.0430
0.0215 0.0108 0.6559 0.3118
0.0108 0.8495 0.1290 0.0108
0.0108 0.9570 0.0108 0.0215
0.0108 0.0108 0.9677 0.0108
0.3871 0.0860 0.3656 0.1613
0.5699 0.0538 0.3548 0.0215
0.2258 0.0108 0.0753 0.6882

MOTIF filter7
letter-probability matrix: alength= 4 w= 15 nsites= 380 E= 0
0.0078 0.0234 0.9635 0.0052
0.2474 0.1979 0.2031 0.3516
0.3594 0.0286 0.4922 0.1198
0.0026 0.9818 0.0130 0.0026
0.0052 0.0495 0.0625 0.8828
0.1302 0.8099 0.0026 0.0573
0.8984 0.0026 0.0339 0.0651
0.0339 0.0599 0.8047 0.1016
0.0052 0.9818 0.0026 0.0104
0.0521 0.0026 0.0417 0.9036
0.2500 0.6484 0.0990 0.0026
0.0417 0.1432 0.0052 0.8099
0.7057 0.0417 0.1484 0.1042
0.2109 0.0052 0.0234 0.7604
0.1979 0.0260 0.0078 0.7682

