MEME version 4

ALPHABET= ACGT

Background letter frequencies:
A 0.2500 C 0.2500 G 0.2500 T 0.2500

MOTIF filter0
letter-probability matrix: alength= 4 w= 15 nsites= 99 E= 0
0.2524 0.0388 0.3786 0.3301
0.3592 0.0971 0.0485 0.4951
0.1650 0.4272 0.0874 0.3204
0.6214 0.2427 0.0874 0.0485
0.3107 0.1553 0.0777 0.4563
0.1942 0.3592 0.3981 0.0485
0.0777 0.3592 0.4757 0.0874
0.0097 0.4175 0.0291 0.5437
0.1845 0.0485 0.3981 0.3689
0.1068 0.1942 0.5049 0.1942
0.6990 0.0485 0.0583 0.1942
0.0097 0.0097 0.9709 0.0097
0.0097 0.0097 0.9612 0.0194
0.8447 0.0097 0.0097 0.1359
0.0097 0.0583 0.0291 0.9029

MOTIF filter1
letter-probability matrix: alength= 4 w= 15 nsites= 51 E= 0
0.0364 0.6000 0.2364 0.1273
0.0182 0.9273 0.0182 0.0364
0.0182 0.8000 0.1636 0.0182
0.0727 0.4545 0.2909 0.1818
0.0182 0.8727 0.0182 0.0909
0.0545 0.2909 0.4000 0.2545
0.7455 0.1455 0.0545 0.0545
0.4364 0.0182 0.2727 0.2727
0.8545 0.0182 0.0545 0.0727
0.0182 0.6909 0.0364 0.2545
0.0182 0.0364 0.7273 0.2182
0.0727 0.0727 0.3455 0.5091
0.3818 0.2727 0.2545 0.0909
0.0545 0.0182 0.3636 0.5636
0.0545 0.0545 0.0545 0.8364

MOTIF filter2
letter-probability matrix: alength= 4 w= 15 nsites= 101 E= 0
0.0190 0.9619 0.0095 0.0095
0.0095 0.9714 0.0095 0.0095
0.0667 0.9143 0.0095 0.0095
0.0095 0.9714 0.0095 0.0095
0.0095 0.9714 0.0095 0.0095
0.0095 0.9619 0.0095 0.0190
0.0095 0.9714 0.0095 0.0095
0.2476 0.2952 0.2476 0.2095
0.1905 0.3619 0.1619 0.2857
0.1905 0.2952 0.1810 0.3333
0.2571 0.2667 0.1714 0.3048
0.2667 0.2571 0.1714 0.3048
0.2095 0.2286 0.2571 0.3048
0.2476 0.2952 0.1905 0.2667
0.2476 0.3238 0.2190 0.2095

MOTIF filter3
letter-probability matrix: alength= 4 w= 15 nsites= 56 E= 0
0.2833 0.0167 0.2833 0.4167
0.2500 0.0167 0.4333 0.3000
0.0667 0.1667 0.7333 0.0333
0.6833 0.0333 0.2667 0.0167
0.0833 0.7667 0.1000 0.0500
0.5833 0.0333 0.3500 0.0333
0.6000 0.0333 0.2833 0.0833
0.0167 0.9333 0.0333 0.0167
0.0167 0.0833 0.4667 0.4333
0.0833 0.0167 0.0500 0.8500
0.0667 0.0833 0.5000 0.3500
0.1667 0.0333 0.0167 0.7833
0.1333 0.2833 0.0167 0.5667
0.0667 0.0167 0.6500 0.2667
0.0500 0.1333 0.4833 0.3333

MOTIF filter4
letter-probability matrix: alength= 4 w= 15 nsites= 112 E= 0
0.3017 0.2069 0.4224 0.0690
0.1897 0.7069 0.0517 0.0517
0.0172 0.5776 0.3534 0.0517
0.1552 0.8103 0.0172 0.0172
0.0345 0.8707 0.0862 0.0086
0.0086 0.9569 0.0172 0.0172
0.0690 0.7500 0.1724 0.0086
0.0259 0.9224 0.0431 0.0086
0.1552 0.5862 0.1466 0.1121
0.1379 0.8103 0.0086 0.0431
0.0345 0.6897 0.1466 0.1293
0.2931 0.5259 0.1121 0.0690
0.2586 0.3276 0.2845 0.1293
0.1466 0.1207 0.5776 0.1552
0.1983 0.2672 0.3707 0.1638

MOTIF filter5
letter-probability matrix: alength= 4 w= 15 nsites= 27 E= 0
0.0323 0.4516 0.0968 0.4194
0.0323 0.8710 0.0323 0.0645
0.0645 0.6774 0.1935 0.0645
0.0968 0.4516 0.1613 0.2903
0.0323 0.3548 0.0323 0.5806
0.0323 0.5484 0.2581 0.1613
0.0968 0.7742 0.0323 0.0968
0.2258 0.5161 0.0323 0.2258
0.6452 0.1613 0.0968 0.0968
0.0968 0.1613 0.7097 0.0323
0.0323 0.0323 0.9032 0.0323
0.1613 0.0645 0.6774 0.0968
0.1935 0.0968 0.0323 0.6774
0.2258 0.3548 0.0645 0.3548
0.8387 0.0323 0.0968 0.0323

MOTIF filter6
letter-probability matrix: alength= 4 w= 15 nsites= 70 E= 0
0.0405 0.1081 0.5000 0.3514
0.0270 0.0135 0.3108 0.6486
0.0135 0.9324 0.0405 0.0135
0.0270 0.0135 0.3108 0.6486
0.0676 0.0946 0.0405 0.7973
0.2297 0.5811 0.1486 0.0405
0.0135 0.1892 0.4189 0.3784
0.5811 0.1351 0.0135 0.2703
0.2027 0.1216 0.4324 0.2432
0.0946 0.1486 0.6216 0.1351
0.0946 0.5405 0.0270 0.3378
0.8378 0.0135 0.0405 0.1081
0.6486 0.0135 0.0135 0.3243
0.0135 0.1757 0.1081 0.7027
0.0270 0.0135 0.1892 0.7703

MOTIF filter7
letter-probability matrix: alength= 4 w= 15 nsites= 171 E= 0
0.3771 0.3429 0.2229 0.0571
0.9829 0.0057 0.0057 0.0057
0.0057 0.0057 0.9829 0.0057
0.0057 0.0057 0.9829 0.0057
0.9829 0.0057 0.0057 0.0057
0.0057 0.3314 0.0057 0.6571
0.9429 0.0057 0.0057 0.0457
0.9771 0.0114 0.0057 0.0057
0.0457 0.2743 0.2286 0.4514
0.2800 0.2229 0.2571 0.2400
0.2857 0.1714 0.2457 0.2971
0.3086 0.2457 0.1943 0.2514
0.2514 0.2400 0.2571 0.2514
0.3257 0.2000 0.2000 0.2743
0.2971 0.2229 0.2343 0.2457

