MEME version 4

ALPHABET= ACGT

Background letter frequencies:
A 0.2500 C 0.2500 G 0.2500 T 0.2500

MOTIF filter0
letter-probability matrix: alength= 4 w= 15 nsites= 389 E= 0
0.2977 0.1145 0.2646 0.3232
0.3333 0.2545 0.1552 0.2570
0.5623 0.0025 0.3969 0.0382
0.0076 0.0127 0.9771 0.0025
0.0102 0.0254 0.9567 0.0076
0.0025 0.0025 0.9924 0.0025
0.6310 0.0025 0.3639 0.0025
0.0025 0.0025 0.8422 0.1527
0.0280 0.0127 0.2850 0.6743
0.0204 0.0025 0.9746 0.0025
0.0025 0.0178 0.8931 0.0865
0.1399 0.0076 0.8499 0.0025
0.0280 0.0102 0.9491 0.0127
0.0025 0.0025 0.9008 0.0941
0.0204 0.2519 0.4504 0.2774

MOTIF filter1
letter-probability matrix: alength= 4 w= 15 nsites= 251 E= 0
0.0118 0.0549 0.9294 0.0039
0.2510 0.1843 0.5020 0.0627
0.0235 0.0706 0.7255 0.1804
0.0706 0.1059 0.5137 0.3098
0.0039 0.0235 0.7529 0.2196
0.0039 0.0039 0.6667 0.3255
0.1255 0.1059 0.6784 0.0902
0.0039 0.0353 0.9569 0.0039
0.5176 0.2392 0.2392 0.0039
0.0039 0.1333 0.8588 0.0039
0.0039 0.0039 0.8863 0.1059
0.2196 0.3059 0.3333 0.1412
0.3882 0.4157 0.1529 0.0431
0.3804 0.0314 0.0039 0.5843
0.0039 0.2941 0.0039 0.6980

MOTIF filter2
letter-probability matrix: alength= 4 w= 15 nsites= 193 E= 0
0.5178 0.1980 0.0051 0.2792
0.6701 0.2995 0.0203 0.0102
0.0102 0.1168 0.7157 0.1574
0.0863 0.1421 0.2386 0.5330
0.0051 0.0051 0.7716 0.2183
0.7005 0.1066 0.1371 0.0558
0.3959 0.5939 0.0051 0.0051
0.0051 0.0051 0.2741 0.7157
0.9239 0.0660 0.0051 0.0051
0.4365 0.3096 0.0102 0.2437
0.4569 0.0863 0.4112 0.0457
0.3807 0.4924 0.0102 0.1168
0.5076 0.4010 0.0051 0.0863
0.4518 0.4365 0.0609 0.0508
0.2944 0.3198 0.0609 0.3249

MOTIF filter3
letter-probability matrix: alength= 4 w= 15 nsites= 235 E= 0
0.0460 0.0837 0.2092 0.6611
0.4017 0.2887 0.1004 0.2092
0.1799 0.1381 0.3013 0.3808
0.5314 0.4351 0.0042 0.0293
0.8117 0.1506 0.0335 0.0042
0.0042 0.0042 0.7699 0.2218
0.4100 0.1799 0.2971 0.1130
0.2510 0.7280 0.0126 0.0084
0.0084 0.0251 0.7950 0.1715
0.0042 0.0042 0.9623 0.0293
0.0167 0.2343 0.6904 0.0586
0.4351 0.4770 0.0377 0.0502
0.2092 0.4812 0.2510 0.0586
0.1339 0.4854 0.0377 0.3431
0.0502 0.4519 0.0837 0.4142

MOTIF filter4
letter-probability matrix: alength= 4 w= 15 nsites= 67 E= 0
0.0141 0.3944 0.4930 0.0986
0.0141 0.1972 0.1127 0.6761
0.0141 0.5775 0.0282 0.3803
0.2676 0.5634 0.0423 0.1268
0.1831 0.0282 0.4789 0.3099
0.0704 0.0141 0.7042 0.2113
0.5915 0.0141 0.2394 0.1549
0.9577 0.0141 0.0141 0.0141
0.0704 0.4789 0.2535 0.1972
0.0141 0.0141 0.2254 0.7465
0.0282 0.7465 0.0423 0.1831
0.0282 0.5352 0.2394 0.1972
0.0141 0.2113 0.7042 0.0704
0.5070 0.0141 0.0141 0.4648
0.6056 0.3662 0.0141 0.0141

MOTIF filter5
letter-probability matrix: alength= 4 w= 15 nsites= 77 E= 0
0.0741 0.2840 0.0123 0.6296
0.0123 0.3333 0.5185 0.1358
0.6790 0.0123 0.0123 0.2963
0.0123 0.1111 0.8519 0.0247
0.6543 0.3210 0.0123 0.0123
0.0247 0.0494 0.8519 0.0741
0.8395 0.0741 0.0370 0.0494
0.1728 0.0123 0.4938 0.3210
0.0988 0.8765 0.0123 0.0123
0.0864 0.1358 0.2716 0.5062
0.0864 0.4074 0.0370 0.4691
0.1111 0.3580 0.1111 0.4198
0.2593 0.7160 0.0123 0.0123
0.0123 0.3580 0.1605 0.4691
0.0247 0.4938 0.0123 0.4691

MOTIF filter6
letter-probability matrix: alength= 4 w= 15 nsites= 1688 E= 0
0.2429 0.2317 0.3156 0.2098
0.3546 0.0059 0.5485 0.0910
0.0160 0.0916 0.8824 0.0100
0.0508 0.0100 0.9184 0.0207
0.0171 0.0012 0.9137 0.0680
0.0934 0.0006 0.9054 0.0006
0.0030 0.0118 0.8227 0.1625
0.0006 0.0065 0.8717 0.1212
0.0591 0.0006 0.9397 0.0006
0.0006 0.0006 0.9900 0.0089
0.1342 0.0296 0.8357 0.0006
0.0077 0.0154 0.9764 0.0006
0.1353 0.0242 0.7955 0.0449
0.0567 0.2240 0.6141 0.1052
0.6312 0.2465 0.0561 0.0662

MOTIF filter7
letter-probability matrix: alength= 4 w= 15 nsites= 3055 E= 0
0.2537 0.2475 0.2390 0.2599
0.2537 0.2589 0.2507 0.2367
0.2419 0.2550 0.2560 0.2471
0.2504 0.2612 0.2370 0.2514
0.2452 0.2403 0.2635 0.2511
0.4694 0.3612 0.1196 0.0497
0.9990 0.0003 0.0003 0.0003
0.0003 0.0003 0.9990 0.0003
0.0003 0.0003 0.9990 0.0003
0.9990 0.0003 0.0003 0.0003
0.0003 0.2239 0.0013 0.7744
0.9820 0.0010 0.0003 0.0167
0.9990 0.0003 0.0003 0.0003
0.0448 0.2350 0.1370 0.5832
0.2524 0.2462 0.2449 0.2566

