MEME version 4

ALPHABET= ACGT

Background letter frequencies:
A 0.2500 C 0.2500 G 0.2500 T 0.2500

MOTIF filter0
letter-probability matrix: alength= 4 w= 15 nsites= 342 E= 0
0.3266 0.0578 0.3873 0.2283
0.4422 0.0838 0.0145 0.4595
0.1387 0.4480 0.0896 0.3237
0.5838 0.2283 0.1358 0.0520
0.3150 0.1850 0.0751 0.4249
0.2370 0.3468 0.3960 0.0202
0.1040 0.3526 0.4046 0.1387
0.0173 0.3468 0.0578 0.5780
0.2168 0.0462 0.4075 0.3295
0.1474 0.3555 0.3988 0.0983
0.7977 0.0376 0.0145 0.1503
0.0029 0.0029 0.9913 0.0029
0.0029 0.0029 0.9798 0.0145
0.8988 0.0087 0.0029 0.0896
0.0029 0.0896 0.0029 0.9046

MOTIF filter1
letter-probability matrix: alength= 4 w= 15 nsites= 65 E= 0
0.0145 0.7246 0.1594 0.1014
0.0145 0.9420 0.0145 0.0290
0.0145 0.8406 0.1304 0.0145
0.0435 0.6812 0.1594 0.1159
0.0145 0.9420 0.0145 0.0290
0.0725 0.4783 0.3188 0.1304
0.7971 0.1449 0.0145 0.0435
0.3913 0.0580 0.2754 0.2754
0.8551 0.0145 0.0290 0.1014
0.0145 0.6087 0.0725 0.3043
0.0145 0.0435 0.5652 0.3768
0.0580 0.0435 0.4058 0.4928
0.3478 0.3478 0.1884 0.1159
0.0580 0.0145 0.3333 0.5942
0.0580 0.1159 0.0725 0.7536

MOTIF filter2
letter-probability matrix: alength= 4 w= 15 nsites= 2197 E= 0
0.0005 0.9986 0.0005 0.0005
0.0005 0.9986 0.0005 0.0005
0.0005 0.9986 0.0005 0.0005
0.0005 0.9986 0.0005 0.0005
0.0005 0.9986 0.0005 0.0005
0.0005 0.9986 0.0005 0.0005
0.0005 0.9986 0.0005 0.0005
0.2022 0.3980 0.2008 0.1990
0.2490 0.2840 0.2399 0.2272
0.2435 0.2567 0.2581 0.2417
0.2367 0.2508 0.2694 0.2431
0.2467 0.2435 0.2531 0.2567
0.2503 0.2408 0.2603 0.2485
0.2517 0.2349 0.2658 0.2476
0.2576 0.2349 0.2503 0.2572

MOTIF filter3
letter-probability matrix: alength= 4 w= 15 nsites= 38 E= 0
0.3571 0.0238 0.3333 0.2857
0.1905 0.0238 0.5000 0.2857
0.0238 0.0952 0.8333 0.0476
0.7857 0.0238 0.1667 0.0238
0.0476 0.6905 0.0714 0.1905
0.7381 0.0238 0.2143 0.0238
0.7143 0.0238 0.2143 0.0476
0.0238 0.9286 0.0238 0.0238
0.0238 0.0952 0.6429 0.2381
0.1667 0.0238 0.0714 0.7381
0.0952 0.0952 0.5000 0.3095
0.2381 0.0952 0.0238 0.6429
0.1429 0.3095 0.0476 0.5000
0.0714 0.0238 0.6667 0.2381
0.0238 0.0952 0.6190 0.2619

MOTIF filter4
letter-probability matrix: alength= 4 w= 15 nsites= 122 E= 0
0.2222 0.2460 0.5079 0.0238
0.2222 0.6905 0.0635 0.0238
0.0079 0.6984 0.2857 0.0079
0.1190 0.8651 0.0079 0.0079
0.0079 0.9683 0.0159 0.0079
0.0079 0.9762 0.0079 0.0079
0.0079 0.9603 0.0238 0.0079
0.0079 0.9762 0.0079 0.0079
0.0238 0.8889 0.0635 0.0238
0.0159 0.9683 0.0079 0.0079
0.0159 0.8730 0.0952 0.0159
0.2857 0.5794 0.0794 0.0556
0.3254 0.3175 0.3095 0.0476
0.1667 0.0635 0.6984 0.0714
0.1905 0.1825 0.4921 0.1349

MOTIF filter5
letter-probability matrix: alength= 4 w= 15 nsites= 57 E= 0
0.0164 0.5246 0.1639 0.2951
0.0164 0.8852 0.0328 0.0656
0.0656 0.8852 0.0164 0.0328
0.0492 0.8689 0.0164 0.0656
0.0164 0.7869 0.0164 0.1803
0.0164 0.7869 0.1475 0.0492
0.0328 0.8525 0.0164 0.0984
0.1475 0.7541 0.0492 0.0492
0.7869 0.1475 0.0164 0.0492
0.1311 0.0820 0.7705 0.0164
0.0328 0.0164 0.9344 0.0164
0.6230 0.0164 0.2951 0.0656
0.0984 0.0164 0.0164 0.8689
0.4918 0.0984 0.1148 0.2951
0.9344 0.0164 0.0328 0.0164

MOTIF filter6
letter-probability matrix: alength= 4 w= 15 nsites= 190 E= 0
0.0412 0.1134 0.4588 0.3866
0.0876 0.0103 0.2990 0.6031
0.0052 0.9278 0.0619 0.0052
0.0619 0.0052 0.4124 0.5206
0.0619 0.1289 0.0412 0.7680
0.2216 0.5206 0.1753 0.0825
0.0206 0.2268 0.3711 0.3814
0.6031 0.1392 0.0052 0.2526
0.2165 0.1495 0.4639 0.1701
0.1237 0.2113 0.5670 0.0979
0.0876 0.6392 0.0155 0.2577
0.7784 0.0052 0.0309 0.1856
0.4691 0.0155 0.0052 0.5103
0.0052 0.1546 0.0722 0.7680
0.0567 0.0464 0.1701 0.7268

MOTIF filter7
letter-probability matrix: alength= 4 w= 15 nsites= 2790 E= 0
0.4803 0.3701 0.1181 0.0315
0.9989 0.0004 0.0004 0.0004
0.0004 0.0004 0.9989 0.0004
0.0004 0.0004 0.9989 0.0004
0.9989 0.0004 0.0004 0.0004
0.0004 0.2069 0.0004 0.7924
0.9789 0.0004 0.0004 0.0204
0.9986 0.0007 0.0004 0.0004
0.0236 0.2305 0.1174 0.6285
0.2498 0.2627 0.2419 0.2455
0.2312 0.2516 0.2538 0.2634
0.2441 0.2802 0.2373 0.2384
0.2309 0.2792 0.2409 0.2491
0.2455 0.2691 0.2509 0.2344
0.2455 0.2659 0.2377 0.2509

