MEME version 4

ALPHABET= ACGT

Background letter frequencies:
A 0.2500 C 0.2500 G 0.2500 T 0.2500

MOTIF filter0
letter-probability matrix: alength= 4 w= 15 nsites= 569 E= 0
0.0017 0.9825 0.0105 0.0052
0.0192 0.0017 0.0070 0.9721
0.0017 0.9773 0.0017 0.0192
0.9860 0.0105 0.0017 0.0017
0.0017 0.0017 0.9948 0.0017
0.0192 0.9738 0.0017 0.0052
0.0035 0.0209 0.0017 0.9738
0.0140 0.9791 0.0035 0.0035
0.0017 0.0017 0.0017 0.9948
0.9913 0.0017 0.0052 0.0017
0.0017 0.0052 0.0297 0.9634
0.0017 0.0157 0.0140 0.9686
0.0017 0.0017 0.0017 0.9948
0.0157 0.0017 0.0070 0.9756
0.9791 0.0052 0.0052 0.0105

MOTIF filter1
letter-probability matrix: alength= 4 w= 15 nsites= 855 E= 0
0.0012 0.0012 0.5006 0.4971
0.0012 0.0023 0.0012 0.9953
0.9965 0.0012 0.0012 0.0012
0.0012 0.0012 0.9965 0.0012
0.0012 0.0012 0.0023 0.9953
0.0012 0.9965 0.0012 0.0012
0.4971 0.4994 0.0023 0.0012
0.0012 0.0012 0.9965 0.0012
0.0012 0.0012 0.0012 0.9965
0.0012 0.9965 0.0012 0.0012
0.0012 0.5006 0.4971 0.0012
0.4971 0.5006 0.0012 0.0012
0.0012 0.0012 0.5006 0.4971
0.0023 0.4971 0.0012 0.4994
0.9965 0.0012 0.0012 0.0012

MOTIF filter2
letter-probability matrix: alength= 4 w= 15 nsites= 554 E= 0
0.2419 0.1900 0.3333 0.2348
0.2115 0.2634 0.2186 0.3065
0.2240 0.3441 0.2348 0.1971
0.0018 0.0341 0.2025 0.7616
0.0018 0.0018 0.0520 0.9444
0.9659 0.0305 0.0018 0.0018
0.0161 0.0430 0.9391 0.0018
0.0036 0.0448 0.0072 0.9444
0.0018 0.9409 0.0556 0.0018
0.8459 0.1434 0.0090 0.0018
0.0036 0.0018 0.9839 0.0108
0.0072 0.0018 0.0430 0.9480
0.0072 0.9588 0.0323 0.0018
0.0018 0.1362 0.8584 0.0036
0.7849 0.1935 0.0018 0.0197

MOTIF filter3
letter-probability matrix: alength= 4 w= 15 nsites= 378 E= 0
0.2199 0.2565 0.2880 0.2356
0.0236 0.0131 0.9162 0.0471
0.0026 0.0079 0.9843 0.0052
0.0026 0.0026 0.0314 0.9634
0.0105 0.9581 0.0026 0.0288
0.0131 0.9817 0.0026 0.0026
0.0550 0.0026 0.9398 0.0026
0.0026 0.9686 0.0026 0.0262
0.0026 0.9319 0.0366 0.0288
0.0026 0.9293 0.0628 0.0052
0.0105 0.0105 0.9712 0.0079
0.9267 0.0026 0.0131 0.0576
0.0026 0.0288 0.8822 0.0864
0.0236 0.8874 0.0026 0.0864
0.0105 0.0209 0.8901 0.0785

MOTIF filter4
letter-probability matrix: alength= 4 w= 15 nsites= 554 E= 0
0.0018 0.9910 0.0054 0.0018
0.0018 0.0018 0.0018 0.9946
0.0018 0.9946 0.0018 0.0018
0.9946 0.0018 0.0018 0.0018
0.0018 0.0018 0.9910 0.0054
0.0036 0.9892 0.0036 0.0036
0.0018 0.0036 0.0072 0.9875
0.0018 0.9928 0.0036 0.0018
0.0018 0.0018 0.0108 0.9857
0.9946 0.0018 0.0018 0.0018
0.0018 0.0018 0.0036 0.9928
0.0018 0.0090 0.0018 0.9875
0.0072 0.0018 0.0054 0.9857
0.0036 0.0018 0.0054 0.9892
0.9946 0.0018 0.0018 0.0018

MOTIF filter5
letter-probability matrix: alength= 4 w= 15 nsites= 99 E= 0
0.2913 0.3592 0.0583 0.2913
0.6505 0.1359 0.1359 0.0777
0.4369 0.1359 0.0971 0.3301
0.2621 0.1359 0.1942 0.4078
0.1553 0.4466 0.1553 0.2427
0.2330 0.3981 0.1068 0.2621
0.7573 0.1942 0.0388 0.0097
0.0874 0.4466 0.2427 0.2233
0.0194 0.0097 0.5437 0.4272
0.0097 0.0097 0.0097 0.9709
0.9709 0.0097 0.0097 0.0097
0.0097 0.0097 0.9709 0.0097
0.0097 0.0097 0.0388 0.9417
0.0194 0.9612 0.0097 0.0097
0.6699 0.3010 0.0097 0.0194

MOTIF filter6
letter-probability matrix: alength= 4 w= 15 nsites= 45 E= 0
0.2653 0.3061 0.2857 0.1429
0.0204 0.2449 0.4082 0.3265
0.4490 0.3469 0.0612 0.1429
0.3673 0.2245 0.3061 0.1020
0.1633 0.2245 0.2245 0.3878
0.0204 0.2449 0.7143 0.0204
0.4898 0.4490 0.0204 0.0408
0.0204 0.8980 0.0204 0.0612
0.0204 0.0204 0.7551 0.2041
0.0204 0.8571 0.1020 0.0204
0.0204 0.9388 0.0204 0.0204
0.0204 0.0204 0.9388 0.0204
0.5510 0.0816 0.1837 0.1837
0.4898 0.0612 0.4286 0.0204
0.2857 0.0204 0.0612 0.6327

MOTIF filter7
letter-probability matrix: alength= 4 w= 15 nsites= 238 E= 0
0.0124 0.0372 0.9339 0.0165
0.2273 0.1777 0.1942 0.4008
0.3678 0.0785 0.4215 0.1322
0.0041 0.9587 0.0331 0.0041
0.0248 0.0661 0.0868 0.8223
0.2645 0.6612 0.0041 0.0702
0.8471 0.0041 0.0496 0.0992
0.1157 0.0868 0.6488 0.1488
0.0083 0.9463 0.0041 0.0413
0.0744 0.0083 0.0372 0.8802
0.4380 0.3843 0.1736 0.0041
0.0826 0.2355 0.0041 0.6777
0.5455 0.0661 0.2025 0.1860
0.2975 0.0083 0.0992 0.5950
0.3388 0.0661 0.0248 0.5702

