MEME version 4

ALPHABET= ACGT

Background letter frequencies:
A 0.2500 C 0.2500 G 0.2500 T 0.2500

MOTIF filter0
letter-probability matrix: alength= 4 w= 15 nsites= 1471 E= 0
0.0020 0.0007 0.0007 0.9966
0.7580 0.2319 0.0095 0.0007
0.0047 0.2312 0.7634 0.0007
0.0047 0.0007 0.2447 0.7498
0.0007 0.9959 0.0020 0.0014
0.2834 0.7139 0.0007 0.0020
0.0034 0.2414 0.7525 0.0027
0.0027 0.0007 0.2481 0.7485
0.2414 0.7532 0.0047 0.0007
0.0027 0.4814 0.5119 0.0041
0.2685 0.7254 0.0041 0.0020
0.0007 0.0007 0.7261 0.2725
0.0014 0.2753 0.2353 0.4881
0.8407 0.0264 0.0712 0.0617
0.2529 0.2854 0.2108 0.2508

MOTIF filter1
letter-probability matrix: alength= 4 w= 15 nsites= 748 E= 0
0.2566 0.2114 0.2726 0.2593
0.2633 0.2314 0.2673 0.2380
0.0040 0.9907 0.0040 0.0013
0.0013 0.0013 0.0013 0.9960
0.0013 0.9960 0.0013 0.0013
0.9920 0.0053 0.0013 0.0013
0.0013 0.0013 0.9960 0.0013
0.0040 0.9854 0.0013 0.0093
0.0013 0.0013 0.0040 0.9934
0.0013 0.9920 0.0053 0.0013
0.0080 0.0040 0.0013 0.9867
0.9947 0.0013 0.0013 0.0027
0.0093 0.0013 0.0013 0.9880
0.0040 0.0013 0.0027 0.9920
0.0027 0.0027 0.0053 0.9894

MOTIF filter2
letter-probability matrix: alength= 4 w= 15 nsites= 65 E= 0
0.1884 0.0580 0.3768 0.3768
0.0145 0.0145 0.7101 0.2609
0.0435 0.0870 0.0290 0.8406
0.2174 0.1449 0.3768 0.2609
0.4638 0.4348 0.0145 0.0870
0.1884 0.2899 0.3188 0.2029
0.5942 0.2319 0.1594 0.0145
0.3623 0.5797 0.0145 0.0435
0.0145 0.0145 0.9565 0.0145
0.0725 0.6667 0.2464 0.0145
0.0580 0.8551 0.0145 0.0725
0.3333 0.0435 0.0290 0.5942
0.0435 0.0145 0.1739 0.7681
0.1739 0.4058 0.1159 0.3043
0.1739 0.2174 0.2754 0.3333

MOTIF filter3
letter-probability matrix: alength= 4 w= 15 nsites= 1220 E= 0
0.2590 0.2475 0.2394 0.2541
0.1119 0.0629 0.7002 0.1250
0.0972 0.0833 0.1234 0.6961
0.5866 0.0008 0.4109 0.0016
0.0008 0.0008 0.9975 0.0008
0.0008 0.0008 0.0008 0.9975
0.0008 0.9975 0.0008 0.0008
0.0025 0.9959 0.0008 0.0008
0.0008 0.0025 0.9951 0.0016
0.0008 0.4109 0.0016 0.5866
0.0008 0.9951 0.0033 0.0008
0.0008 0.9935 0.0049 0.0008
0.0033 0.5850 0.4093 0.0025
0.4085 0.0008 0.5858 0.0049
0.0008 0.0033 0.4093 0.5866

MOTIF filter4
letter-probability matrix: alength= 4 w= 15 nsites= 1466 E= 0
0.0007 0.5102 0.2170 0.2721
0.0014 0.0007 0.0007 0.9973
0.2769 0.5082 0.2136 0.0014
0.5150 0.0007 0.4837 0.0007
0.0014 0.0054 0.5102 0.4830
0.0014 0.9952 0.0020 0.0014
0.4844 0.0041 0.0007 0.5109
0.0014 0.5170 0.2707 0.2109
0.0020 0.0007 0.2177 0.7796
0.5109 0.2748 0.2129 0.0014
0.0020 0.0014 0.4830 0.5136
0.2762 0.0020 0.0007 0.7211
0.0007 0.0014 0.0007 0.9973
0.0014 0.2728 0.0007 0.7252
0.7857 0.0007 0.0014 0.2122

MOTIF filter5
letter-probability matrix: alength= 4 w= 15 nsites= 15 E= 0
0.2632 0.1053 0.4737 0.1579
0.0526 0.7895 0.1053 0.0526
0.3158 0.1579 0.4737 0.0526
0.0526 0.1053 0.0526 0.7895
0.3684 0.0526 0.4211 0.1579
0.4737 0.0526 0.3158 0.1579
0.0526 0.1053 0.7895 0.0526
0.6316 0.0526 0.2632 0.0526
0.5789 0.0526 0.2105 0.1579
0.5789 0.0526 0.3158 0.0526
0.0526 0.0526 0.1579 0.7368
0.6316 0.1579 0.0526 0.1579
0.2632 0.4737 0.1579 0.1053
0.0526 0.0526 0.0526 0.8421
0.4211 0.2632 0.2105 0.1053

MOTIF filter6
letter-probability matrix: alength= 4 w= 15 nsites= 230 E= 0
0.6282 0.1368 0.1111 0.1239
0.2650 0.0513 0.6239 0.0598
0.0299 0.0342 0.0855 0.8504
0.3632 0.0085 0.5684 0.0598
0.0470 0.3803 0.4402 0.1325
0.0342 0.0385 0.0043 0.9231
0.0556 0.9274 0.0128 0.0043
0.5085 0.2436 0.0043 0.2436
0.0043 0.0043 0.2479 0.7436
0.0043 0.2906 0.7009 0.0043
0.0043 0.0171 0.6111 0.3675
0.0171 0.3248 0.6368 0.0214
0.0641 0.0171 0.2564 0.6624
0.4103 0.0598 0.0128 0.5171
0.2137 0.0214 0.1624 0.6026

MOTIF filter7
letter-probability matrix: alength= 4 w= 15 nsites= 31 E= 0
0.1429 0.2857 0.1429 0.4286
0.2000 0.0286 0.4000 0.3714
0.0286 0.0857 0.0286 0.8571
0.8000 0.0286 0.1143 0.0571
0.0857 0.1429 0.7429 0.0286
0.0571 0.0286 0.2000 0.7143
0.1429 0.7714 0.0286 0.0571
0.0857 0.8571 0.0286 0.0286
0.4286 0.1143 0.3143 0.1429
0.2571 0.0286 0.0286 0.6857
0.2286 0.0286 0.6286 0.1143
0.1143 0.4286 0.0286 0.4286
0.4857 0.4000 0.0857 0.0286
0.4857 0.3714 0.0286 0.1143
0.2857 0.2286 0.3429 0.1429

